0 0.582124917078161
0.006283185307179587 0.4767869748891773
0.012566370614359173 0.4940247665167255
0.01884955592153876 0.42620894861160724
0.025132741228718346 0.4768072723007198
0.031415926535897934 0.4431139194468088
0.03769911184307752 0.5371219361668294
0.0439822971502571 0.48713455891937024
0.050265482457436686 0.47005104559913613
0.05654866776461627 0.5104885454459782
0.06283185307179585 0.4721514119681845
0.06911503837897544 0.5499808538465846
0.07539822368615502 0.5518857774651382
0.0816814089933346 0.5250096762811918
0.08796459430051419 0.5073918242547003
0.09424777960769377 0.48008208791697876
0.10053096491487336 0.5779486876880094
0.10681415022205294 0.5647416141344017
0.11309733552923253 0.579643965642863
0.11938052083641211 0.5442268109998025
0.1256637061435917 0.551770441503082
0.1319468914507713 0.6378821369849563
0.13823007675795088 0.5388659020673722
0.14451326206513046 0.5563731901482218
0.15079644737231004 0.6123073987036359
0.15707963267948963 0.5933627973478969
0.1633628179866692 0.47898747224411686
0.1696460032938488 0.5000223858547835
0.17592918860102838 0.5544699661571333
0.18221237390820796 0.636117865035837
0.18849555921538755 0.6272743111769965
0.19477874452256713 0.6227509020629294
0.20106192982974672 0.6312421950739946
0.2073451151369263 0.5544840666538146
0.21362830044410588 0.636055909623555
0.21991148575128547 0.5630074358621441
0.22619467105846505 0.6595003405632958
0.23247785636564464 0.5896664566275915
0.23876104167282422 0.6323308024171963
0.2450442269800038 0.5275746952117528
0.2513274122871834 0.5569004979721581
0.257610597594363 0.68191923473607
0.2638937829015426 0.665007946654294
0.27017696820872217 0.5725541559941478
0.27646015351590175 0.7007555538793626
0.28274333882308134 0.5849563315787075
0.2890265241302609 0.6435076864302046
0.2953097094374405 0.6215130523208283
0.3015928947446201 0.6023500309574614
0.30787608005179967 0.7099146628933158
0.31415926535897926 0.7387575719686871
0.32044245066615884 0.6664069706825352
0.3267256359733384 0.7367717507467382
0.333008821280518 0.6493832621680014
0.3392920065876976 0.671825202180611
0.3455751918948772 0.6759434229423766
0.35185837720205676 0.6144860171560724
0.35814156250923634 0.700240004718756
0.36442474781641593 0.7136905963647437
0.3707079331235955 0.6724640016202065
0.3769911184307751 0.5994747179366968
0.3832743037379547 0.705364877587454
0.38955748904513426 0.6141388720533864
0.39584067435231385 0.6522285044569096
0.40212385965949343 0.7022578980411169
0.408407044966673 0.6600908221012025
0.4146902302738526 0.71413705038409
0.4209734155810322 0.6930140246233505
0.42725660088821177 0.6256629649595893
0.43353978619539135 0.7184414422598285
0.43982297150257094 0.7422186297968634
0.4461061568097505 0.7663480349810735
0.4523893421169301 0.7002294795871191
0.4586725274241097 0.7183049315826904
0.4649557127312893 0.649436174578026
0.47123889803846886 0.8252397201367379
0.47752208334564844 0.8050403397782281
0.483805268652828 0.7309838381580516
0.4900884539600076 0.7291098774504186
0.4963716392671872 0.5916079596155707
0.5026548245743668 0.792639965196495
0.5089380098815465 0.7717681219205306
0.5152211951887261 0.7870042642989892
0.5215043804959058 0.728830144904774
0.5277875658030854 0.7283401595647121
0.534070751110265 0.6927497755841691
0.5403539364174447 0.7961202534000034
0.5466371217246243 0.822516365245278
0.552920307031804 0.8187814588188003
0.5592034923389836 0.7746184709537849
0.5654866776461632 0.7515808123811221
0.5717698629533429 0.7179621048951329
0.5780530482605225 0.738109647385592
0.5843362335677021 0.7992004589959665
0.5906194188748818 0.7642101394740506
0.5969026041820614 0.8631118981628415
0.6031857894892411 0.8412522761045949
0.6094689747964207 0.7561256061914879
0.6157521601036003 0.7280032484943839
0.62203534541078 0.76392432269573
0.6283185307179596 0.8471617734680617
0.6346017160251393 0.7702322896744441
0.6408849013323189 0.8262518907870848
0.6471680866394985 0.7731707648831542
0.6534512719466782 0.8211233566984754
0.6597344572538578 0.8328606254941378
0.6660176425610375 0.858221468824395
0.6723008278682171 0.8830558967730443
0.6785840131753967 0.8793571273857476
0.6848671984825764 0.7897765054979242
0.691150383789756 0.8113610580671433
0.6974335690969357 0.7624500718278754
0.7037167544041153 0.8117437164079995
0.7099999397112949 0.8271327198936695
0.7162831250184746 0.8080948811300073
0.7225663103256542 0.8054767042393514
0.7288494956328339 0.8846099426047496
0.7351326809400135 0.8807169355228982
0.7414158662471931 0.8576225064531152
0.7476990515543728 0.7761011591830627
0.7539822368615524 0.8523200979393568
0.760265422168732 0.8253453256466747
0.7665486074759117 0.9126130259462578
0.7728317927830913 0.7589681721630691
0.779114978090271 0.823383800334443
0.7853981633974506 0.8242208751805962
0.7916813487046302 0.8324391370066484
0.7979645340118099 0.9058471789357734
0.8042477193189895 0.7425365918851117
0.8105309046261692 0.8519239562820302
0.8168140899333488 0.9070203474165799
0.8230972752405284 0.9156335484116989
0.8293804605477081 0.8413026656520846
0.8356636458548877 0.8368819789022661
0.8419468311620674 0.8902812513857274
0.848230016469247 0.8826073693277667
0.8545132017764266 0.8805958461194157
0.8607963870836063 0.6891120478013123
0.8670795723907859 0.8248626452605682
0.8733627576979656 0.8400853502622505
0.8796459430051452 0.9174071144858473
0.8859291283123248 0.8152135448659144
0.8922123136195045 0.8368997727404902
0.8984954989266841 0.8834762049916749
0.9047786842338638 0.8287644572293178
0.9110618695410434 0.9272202014468944
0.917345054848223 0.8774250153334884
0.9236282401554027 0.9905425163840025
0.9299114254625823 0.869297556582495
0.936194610769762 0.8738397826972338
0.9424777960769416 0.9447304116509403
0.9487609813841212 0.8735802358832241
0.9550441666913009 0.9837480413807017
0.9613273519984805 0.9341218017763402
0.9676105373056602 0.8965723018420242
0.9738937226128398 0.9055003872834282
0.9801769079200194 1.0578333364537869
0.9864600932271991 0.9414719347564842
0.9927432785343787 0.9262878708181435
0.9990264638415584 0.9138434533899162
1.0053096491487379 0.9740220643850219
1.0115928344559175 0.8479226523525792
1.0178760197630972 0.9164378397490058
1.0241592050702768 0.7854558430489735
1.0304423903774564 0.9020929468012439
1.036725575684636 0.9727673541475077
1.0430087609918157 1.0010732505391795
1.0492919462989954 0.9638338624912481
1.055575131606175 0.967090306909651
1.0618583169133546 0.8508361529072297
1.0681415022205343 0.9042346494521862
1.074424687527714 1.0133784058908852
1.0807078728348936 0.9149526126932712
1.0869910581420732 0.9358165355615728
1.0932742434492528 0.9037901250888892
1.0995574287564325 0.8988156878196728
1.1058406140636121 0.9234072507516478
1.1121237993707918 0.9152677200962616
1.1184069846779714 0.9975777155740286
1.124690169985151 0.9618354595785672
1.1309733552923307 1.0033577175551867
1.1372565405995103 0.8843803371042048
1.14353972590669 1.0163256427527019
1.1498229112138696 0.9574186049039978
1.1561060965210492 1.0495880055167572
1.1623892818282289 0.9562385059239592
1.1686724671354085 0.8854458329497903
1.1749556524425881 1.0255474013287502
1.1812388377497678 0.9557141915110534
1.1875220230569474 0.8561168226839873
1.193805208364127 0.9721479770126119
1.2000883936713067 0.9775969625220124
1.2063715789784863 1.020970108394738
1.212654764285666 0.7889002518133743
1.2189379495928456 1.0268104025825027
1.2252211349000253 0.9467105467400154
1.231504320207205 1.0678076633424762
1.2377875055143845 0.8866174875478705
1.2440706908215642 1.000816097593409
1.2503538761287438 0.9951340140329116
1.2566370614359235 0.9544225216345484
1.262920246743103 0.9377993755031765
1.2692034320502827 0.9587450209877673
1.2754866173574624 0.9610200112512941
1.281769802664642 0.9165889941868044
1.2880529879718217 1.0297964513410347
1.2943361732790013 0.9264038184714389
1.300619358586181 1.033021388034006
1.3069025438933606 0.8932440911540918
1.3131857292005402 0.9746412548716246
1.3194689145077199 0.9761762539125265
1.3257520998148995 0.9842735796478759
1.3320352851220791 1.033630660441303
1.3383184704292588 0.976431894493176
1.3446016557364384 0.9643669658791043
1.350884841043618 0.9779920017263384
1.3571680263507977 1.0376844045625848
1.3634512116579773 0.9290101047560021
1.369734396965157 0.9388941012018011
1.3760175822723366 0.8927103461005037
1.3823007675795163 1.0925060601586654
1.388583952886696 0.9337353660835428
1.3948671381938755 0.8980105844710167
1.4011503235010552 0.9523773406422289
1.4074335088082348 0.9627202097013419
1.4137166941154145 1.0671169703595895
1.419999879422594 0.9710809110901925
1.4262830647297737 1.0093765233367948
1.4325662500369534 0.9056917226120647
1.438849435344133 1.0060529901238375
1.4451326206513126 0.9136175384212771
1.4514158059584923 0.9807615498432642
1.457698991265672 0.958812106210858
1.4639821765728516 1.0000639700568215
1.4702653618800312 1.029195943797582
1.4765485471872108 0.9309861847616341
1.4828317324943905 0.9412458831604653
1.4891149178015701 1.0080124143142444
1.4953981031087498 1.032943735670432
1.5016812884159294 1.0696750129353527
1.507964473723109 0.975418777696502
1.5142476590302887 0.9246268413089429
1.5205308443374683 1.0086997642810382
1.526814029644648 0.9597842814446647
1.5330972149518276 0.9534237264419707
1.5393804002590072 1.0701621339011302
1.5456635855661869 1.0307779351460062
1.5519467708733665 0.9635072829765879
1.5582299561805462 0.9990249453348252
1.5645131414877258 0.9957062810220232
1.5707963267949054 1.0082547808916895
1.577079512102085 0.9796931497601733
1.5833626974092647 0.9049573957200556
1.5896458827164444 0.9510936674401247
1.595929068023624 0.9732422653789102
1.6022122533308036 1.001158868496177
1.6084954386379833 0.9455300182112869
1.614778623945163 1.0088307142337662
1.6210618092523426 0.9803049052438046
1.6273449945595222 0.9612270199599959
1.6336281798667018 0.9354995580159142
1.6399113651738815 1.0211308240001846
1.6461945504810611 1.0197916194214556
1.6524777357882408 1.0383440081064634
1.6587609210954204 1.0255312158530991
1.6650441064026 1.028987705041265
1.6713272917097797 1.0165794394736563
1.6776104770169593 0.909229911268476
1.683893662324139 0.982849711287686
1.6901768476313186 0.9248221791970613
1.6964600329384982 1.06451795443189
1.7027432182456779 0.9949531292994318
1.7090264035528575 1.0587185051225845
1.7153095888600371 0.9432719447121254
1.7215927741672168 0.989732411574322
1.7278759594743964 1.0070128827830127
1.734159144781576 0.9767978648237574
1.7404423300887557 1.0022117675619941
1.7467255153959353 1.0663903401000208
1.753008700703115 0.9401269313476988
1.7592918860102946 0.8592475009999244
1.7655750713174743 1.0705764656883323
1.771858256624654 0.9503444143601943
1.7781414419318335 1.0454154369738644
1.7844246272390132 1.021229726797637
1.7907078125461928 0.9771240410677364
1.7969909978533725 1.0062806758755052
1.803274183160552 0.9295225422728874
1.8095573684677317 0.9901107241769752
1.8158405537749114 1.014765308484321
1.822123739082091 0.9455749442474879
1.8284069243892707 0.964486189025632
1.8346901096964503 0.9983204954042016
1.84097329500363 1.0480255246277344
1.8472564803108096 0.9808560937994026
1.8535396656179892 0.9586138506080215
1.8598228509251689 0.9719401057819638
1.8661060362323485 1.0363648231296825
1.8723892215395281 0.945356655581747
1.8786724068467078 0.9614780509033144
1.8849555921538874 0.9439152192358322
1.891238777461067 0.9643322457562833
1.8975219627682467 0.9842339326142587
1.9038051480754263 1.0242254476659562
1.910088333382606 0.8652665037092355
1.9163715186897856 0.9982148302652125
1.9226547039969653 0.9247874347069276
1.928937889304145 0.9979284436306097
1.9352210746113245 1.0291462206933641
1.9415042599185042 1.0158153068290945
1.9477874452256838 0.9727861819520699
1.9540706305328635 1.0054475233652818
1.960353815840043 0.9153694065976927
1.9666370011472227 0.9579448656451516
1.9729201864544024 1.036089478516982
1.979203371761582 0.9194145363531702
1.9854865570687616 0.9674840445624269
1.9917697423759413 0.9378870250878588
1.998052927683121 0.9452975618318659
2.0043361129903006 0.9740457720278815
2.01061929829748 0.9389375809723368
2.01690248360466 0.9508965223571921
2.0231856689118395 0.9244734623025597
2.029468854219019 0.8570691021340686
2.0357520395261988 0.9565754184870667
2.0420352248333784 0.9674767639267428
2.048318410140558 1.013176897616972
2.0546015954477377 0.9360223825093728
2.0608847807549173 0.8714101866470052
2.067167966062097 0.9019577453916129
2.0734511513692766 0.9651729572888902
2.0797343366764562 0.9324047518733032
2.086017521983636 0.9490564215426978
2.0923007072908155 0.915881343657856
2.098583892597995 1.0254521543004729
2.104867077905175 1.016770414066043
2.1111502632123544 0.8821835468241582
2.117433448519534 0.9725902655051867
2.1237166338267137 0.9407003603880817
2.1299998191338934 0.9245169443070216
2.136283004441073 0.8791795632837949
2.1425661897482526 1.0015488228214633
2.1488493750554323 0.9770269370793534
2.155132560362612 0.8441842141756251
2.1614157456697916 0.9844725150108684
2.167698930976971 0.9116213736196578
2.173982116284151 0.8818767701120678
2.1802653015913305 0.8611471664338339
2.18654848689851 0.9554106409516248
2.1928316722056898 0.9263418582883183
2.1991148575128694 0.86080118117405
2.205398042820049 0.8620990534390092
2.2116812281272287 0.8814073372547541
2.2179644134344083 0.8732719174872621
2.224247598741588 0.9233842149315447
2.2305307840487676 0.9140143558420313
2.2368139693559472 0.8613617209252812
2.243097154663127 0.8083199340495434
2.2493803399703065 0.8225311874410193
2.255663525277486 0.9307543055408849
2.261946710584666 0.8355160977108415
2.2682298958918454 0.8888032633481999
2.274513081199025 0.7930633788156143
2.2807962665062047 0.8990339494275064
2.2870794518133843 0.973102010646598
2.293362637120564 0.8086521732651206
2.2996458224277436 0.9004554361678222
2.3059290077349233 0.8844939830250951
2.312212193042103 0.9146507559867889
2.3184953783492825 0.8600656571444918
2.324778563656462 0.8781255608139638
2.331061748963642 0.8714252715009916
2.3373449342708215 0.888796653392486
2.343628119578001 0.8160126062597279
2.3499113048851807 0.8653902766738619
2.3561944901923604 0.8940696704674946
2.36247767549954 0.9097245144706496
2.3687608608067197 0.8738691552729145
2.3750440461138993 0.7902288262083328
2.381327231421079 0.7668779954176651
2.3876104167282586 0.8627048310063691
2.393893602035438 0.7893945017025585
2.400176787342618 0.8798831343648004
2.4064599726497975 0.8209535700902981
2.412743157956977 0.8835867308867689
2.4190263432641568 0.9369467638922594
2.4253095285713364 0.8251767441168953
2.431592713878516 0.8201168433269845
2.4378758991856957 0.874202628244855
2.4441590844928753 0.8743215779777707
2.450442269800055 0.9037924032799758
2.4567254551072346 0.8261135619223645
2.4630086404144143 0.7822023327282277
2.469291825721594 0.8117795731067595
2.4755750110287735 0.7777483468891726
2.481858196335953 0.8184440119979173
2.488141381643133 0.7605531644539475
2.4944245669503124 0.8465650936604194
2.500707752257492 0.8338269992581497
2.5069909375646717 0.8033800752764062
2.5132741228718514 0.7951714534840268
2.519557308179031 0.7815230939252249
2.5258404934862106 0.8543991118872085
2.5321236787933903 0.8455869369317692
2.53840686410057 0.7909203172922601
2.5446900494077496 0.7382091950707584
2.550973234714929 0.7195953922846063
2.557256420022109 0.7902039709660948
2.5635396053292885 0.7412940764963076
2.569822790636468 0.7943573196822368
2.5761059759436478 0.748578620621003
2.5823891612508274 0.8039433101152902
2.588672346558007 0.7729580772045839
2.5949555318651867 0.809811324407935
2.6012387171723663 0.6455245042760311
2.607521902479546 0.7431681955839349
2.6138050877867256 0.8626510074812146
2.6200882730939052 0.6239345020828908
2.626371458401085 0.7884962816383962
2.6326546437082645 0.7645252499011055
2.638937829015444 0.8051618897683116
2.645221014322624 0.7294395120576802
2.6515041996298034 0.7948696880353023
2.657787384936983 0.7934208292456602
2.6640705702441627 0.7396289349458081
2.6703537555513424 0.6687946559512912
2.676636940858522 0.7698418347491021
2.6829201261657016 0.672707265755184
2.6892033114728813 0.7116890547972377
2.695486496780061 0.7630734350485976
2.7017696820872406 0.7674930311070629
2.70805286739442 0.692644915545646
2.7143360527016 0.7385369373153227
2.7206192380087795 0.6271977066738925
2.726902423315959 0.6778341727933523
2.7331856086231388 0.7720198901135706
2.7394687939303184 0.7628562358108981
2.745751979237498 0.7262526879594791
2.7520351645446777 0.682797823470465
2.7583183498518573 0.7293426187012003
2.764601535159037 0.6829008667404408
2.7708847204662166 0.6895491137269338
2.7771679057733962 0.682625084776922
2.783451091080576 0.6364911447925305
2.7897342763877555 0.7086177021532184
2.796017461694935 0.6158715970938812
2.802300647002115 0.7052020149709721
2.8085838323092944 0.6154138912988661
2.814867017616474 0.6243680191087213
2.8211502029236537 0.5154508920374794
2.8274333882308333 0.6467043246003796
2.833716573538013 0.6609770835628457
2.8399997588451926 0.6898744161911815
2.8462829441523723 0.7110618838990606
2.852566129459552 0.567998959843507
2.8588493147667315 0.6887369273735999
2.865132500073911 0.6132742550786453
2.871415685381091 0.6298479897497966
2.8776988706882705 0.6251573353663178
2.88398205599545 0.6049096293006968
2.8902652413026297 0.579849390738271
2.8965484266098094 0.6352604511583934
2.902831611916989 0.6588067507446601
2.9091147972241687 0.5522061277002859
2.9153979825313483 0.6111624426560146
2.921681167838528 0.5776210079639262
2.9279643531457076 0.6607996438519468
2.934247538452887 0.6276102817321647
2.940530723760067 0.6752902459784613
2.9468139090672465 0.5193364839529634
2.953097094374426 0.6454004873109103
2.9593802796816058 0.5987361523379873
2.9656634649887854 0.5512528569978645
2.971946650295965 0.6088768970342919
2.9782298356031447 0.6596202462388079
2.9845130209103243 0.658447938753751
2.990796206217504 0.6162237047731985
2.9970793915246836 0.5224251569850719
3.0033625768318633 0.5843883180134354
3.009645762139043 0.5829033083501302
3.0159289474462225 0.6247674479143231
3.022212132753402 0.5513048210964306
3.028495318060582 0.5572067815875242
3.0347785033677614 0.5206301424910649
3.041061688674941 0.5835852234574493
3.0473448739821207 0.5362836322015541
3.0536280592893004 0.5532245277131403
3.05991124459648 0.5173178051398735
3.0661944299036596 0.5400253834505766
3.0724776152108393 0.4805093626083425
3.078760800518019 0.5394397181059183
3.0850439858251986 0.49813050602961906
3.091327171132378 0.5600885868112861
3.097610356439558 0.6143567300841479
3.1038935417467375 0.5611301534410301
3.110176727053917 0.45970925384737243
3.1164599123610968 0.49460021192673265
3.1227430976682764 0.4289394656518198
3.129026282975456 0.5069615230362642
3.1353094682826357 0.4144303945134047
3.1415926535898153 0.4399311347147663
3.147875838896995 0.5516712675341604
3.1541590242041746 0.5367688227806292
3.1604422095113542 0.4145574239439588
3.166725394818534 0.46506294408606597
3.1730085801257135 0.507468983207145
3.179291765432893 0.5007795715655562
3.185574950740073 0.3966575809806372
3.1918581360472524 0.48787832501829603
3.198141321354432 0.4413481012177481
3.2044245066616117 0.5285381354826276
3.2107076919687914 0.4554609985102339
3.216990877275971 0.48030097075713585
3.2232740625831506 0.4537486638418545
3.2295572478903303 0.489396624740526
3.23584043319751 0.4145423722902457
3.2421236185046896 0.4832318073083299
3.248406803811869 0.5071425638627274
3.254689989119049 0.5353498399585869
3.2609731744262285 0.5196409005004107
3.267256359733408 0.410527291533646
3.2735395450405878 0.4630753066272763
3.2798227303477674 0.47147971654025134
3.286105915654947 0.45749685149133024
3.2923891009621267 0.46256112880900435
3.2986722862693063 0.44297994815952263
3.304955471576486 0.3914186470141515
3.3112386568836656 0.42593880531514294
3.3175218421908452 0.4548278055773436
3.323805027498025 0.4324773878479581
3.3300882128052045 0.35149166744829385
3.336371398112384 0.35934435213706206
3.342654583419564 0.37968292890568384
3.3489377687267434 0.3868280205378293
3.355220954033923 0.4018601064591538
3.3615041393411027 0.34207365413650553
3.3677873246482823 0.4276124112306123
3.374070509955462 0.29192707044819377
3.3803536952626416 0.4081855858016542
3.3866368805698213 0.40402705598328564
3.392920065877001 0.40785998912422416
3.3992032511841805 0.21926525551206383
3.40548643649136 0.3021154726342327
3.41176962179854 0.34891420446944943
3.4180528071057195 0.3719381341315686
3.424335992412899 0.356434876876109
3.4306191777200787 0.3168030387664684
3.4369023630272584 0.418634115924331
3.443185548334438 0.3676806841909409
3.4494687336416177 0.3287446192424423
3.4557519189487973 0.29611292629556646
3.462035104255977 0.345917404668199
3.4683182895631566 0.4024632171347837
3.474601474870336 0.3383149765437153
3.480884660177516 0.33198785607992265
3.4871678454846955 0.3339451596095862
3.493451030791875 0.33370933179702583
3.4997342160990548 0.31307351117263593
3.5060174014062344 0.2731513103799532
3.512300586713414 0.3953130321035727
3.5185837720205937 0.34781235377063624
3.5248669573277733 0.41887706695603866
3.531150142634953 0.33498824933746474
3.5374333279421326 0.29564340668611744
3.5437165132493122 0.25702133253987286
3.549999698556492 0.2849262660738797
3.5562828838636715 0.2408996345557059
3.562566069170851 0.4005674964368733
3.568849254478031 0.2919606240284658
3.5751324397852104 0.3292599661990596
3.58141562509239 0.33520878700831197
3.5876988103995697 0.33831773378272306
3.5939819957067494 0.4088356058563096
3.600265181013929 0.27385028965372155
3.6065483663211086 0.2667152887451325
3.6128315516282883 0.2812287647290552
3.619114736935468 0.3076371461272503
3.6253979222426476 0.27636831642709614
3.631681107549827 0.2512054705499183
3.637964292857007 0.22608402839427072
3.6442474781641865 0.2204056887529422
3.650530663471366 0.2698485713053421
3.6568138487785458 0.2036924167290881
3.6630970340857254 0.16020581740199968
3.669380219392905 0.2539503756697713
3.6756634047000847 0.3036107880066403
3.6819465900072643 0.2758707806409756
3.688229775314444 0.2391969366605341
3.6945129606216236 0.2575627766386499
3.7007961459288032 0.15238862269856435
3.707079331235983 0.19760459428761845
3.7133625165431625 0.3133428094011418
3.719645701850342 0.28600876401265196
3.725928887157522 0.18859843113395314
3.7322120724647014 0.30927780467660687
3.738495257771881 0.18306376648324535
3.7447784430790607 0.1752059235130317
3.7510616283862404 0.2905798156110623
3.75734481369342 0.276600650957843
3.7636279990005996 0.1792267850355429
3.7699111843077793 0.20365293262455336
3.776194369614959 0.18648659084487318
3.7824775549221386 0.2262544362264528
3.788760740229318 0.27690482507883796
3.795043925536498 0.222642578270834
3.8013271108436775 0.18785125259405228
3.807610296150857 0.12375519299263482
3.8138934814580367 0.22750426635185084
3.8201766667652164 0.12500696190718352
3.826459852072396 0.17435826561864554
3.8327430373795757 0.22919978731725754
3.8390262226867553 0.2194349464191132
3.845309407993935 0.21840768298150576
3.8515925933011146 0.20902919910866957
3.8578757786082942 0.17900009519269833
3.864158963915474 0.18445179855925203
3.8704421492226535 0.17159757951888538
3.876725334529833 0.18878608334275393
3.883008519837013 0.1890954179897229
3.8892917051441924 0.16668973524854502
3.895574890451372 0.18341715315884827
3.9018580757585517 0.12120204438833976
3.9081412610657313 0.13782551320614295
3.914424446372911 0.16244221855443708
3.9207076316800906 0.2448506642289422
3.9269908169872703 0.17289615161319755
3.93327400229445 0.13749536405883905
3.9395571876016295 0.1310205653990112
3.945840372908809 0.1770537629933835
3.952123558215989 0.13281036893933956
3.9584067435231685 0.1673847355665643
3.964689928830348 0.15895252969337054
3.9709731141375277 0.06893954296090099
3.9772562994447074 0.15276836476670436
3.983539484751887 0.15031061798843748
3.9898226700590667 0.16477785859003408
3.9961058553662463 0.08102014024034049
4.0023890406734255 0.17552454736223055
4.008672225980605 0.11043886992975471
4.014955411287784 0.21616721326372051
4.021238596594963 0.20236502634000025
4.027521781902142 0.08234546031503187
4.0338049672093215 0.04230791947162932
4.040088152516501 0.14366671694048938
4.04637133782368 0.06585733225128532
4.052654523130859 0.1622978699660403
4.058937708438038 0.12949789455642952
4.0652208937452174 0.028422330673328333
4.071504079052397 0.13831971977422924
4.077787264359576 0.10420860307247032
4.084070449666755 0.11609708400889246
4.090353634973934 0.16985524777338673
4.096636820281113 0.08533426653829523
4.102920005588293 0.1279250319064238
4.109203190895472 0.05831426766867254
4.115486376202651 0.057769466448707396
4.12176956150983 0.0737946747184301
4.128052746817009 0.051941713072654716
4.134335932124189 0.10962905489584923
4.140619117431368 0.013355895560846764
4.146902302738547 0.11931339446493244
4.153185488045726 0.03808460259286983
4.159468673352905 0.0933879872934617
4.165751858660085 0.013489621076740343
4.172035043967264 0.09512329059108998
4.178318229274443 0.12382936129520439
4.184601414581622 0.06852685005067527
4.190884599888801 0.14389876135664942
4.1971677851959805 0.05791275506814764
4.20345097050316 0.08393716018903014
4.209734155810339 0.01557331132318407
4.216017341117518 0.08226339004594091
4.222300526424697 0.03044742214693258
4.2285837117318765 0.021364778654285377
4.234866897039056 0.1349369559892702
4.241150082346235 -0.009014304852879018
4.247433267653414 0.04734086506543911
4.253716452960593 0.08731899481131378
4.2599996382677725 0.0620009195276231
4.266282823574952 -0.043433329329459314
4.272566008882131 0.07778193725062676
4.27884919418931 -0.02269216019092546
4.285132379496489 0.022784417225219122
4.2914155648036685 0.03144207367153018
4.297698750110848 -0.10362205232618882
4.303981935418027 0.035827658916194216
4.310265120725206 0.07317794617512546
4.316548306032385 0.030159408763252182
4.3228314913395645 0.04670788725280034
4.329114676646744 0.14936676602195914
4.335397861953923 0.09138376870679099
4.341681047261102 0.03693373465648603
4.347964232568281 0.16218597019984315
4.35424741787546 -9.349459405405547e-05
4.36053060318264 0.05661692657610051
4.366813788489819 -0.04927157962245898
4.373096973796998 0.04842113230477724
4.379380159104177 0.021897946939480883
4.385663344411356 0.029490510843564022
4.391946529718536 0.043975997253784205
4.398229715025715 0.03847193760203771
4.404512900332894 -0.030121032866093467
4.410796085640073 0.003400470796978139
4.417079270947252 0.021947009919667415
4.423362456254432 -0.05071967506044228
4.429645641561611 0.05998162968669285
4.43592882686879 0.1131302796944611
4.442212012175969 0.033315337583867344
4.448495197483148 -0.009076477672642969
4.454778382790328 -0.09859696693713504
4.461061568097507 -0.060336993379911386
4.467344753404686 0.03189814495571769
4.473627938711865 0.07730596038253834
4.479911124019044 0.002446526057575227
4.4861943093262235 -0.06162549978026599
4.492477494633403 -0.03150964317552962
4.498760679940582 -0.017245499162947153
4.505043865247761 -0.08591782034519913
4.51132705055494 -0.005455837966124255
4.5176102358621195 0.05407407919603996
4.523893421169299 -0.07523272115019197
4.530176606476478 -0.019704605137697895
4.536459791783657 -0.09349738103781657
4.542742977090836 -0.033779764738814944
4.5490261623980155 -0.0007451735554963035
4.555309347705195 0.05721614032790601
4.561592533012374 0.028459559310140214
4.567875718319553 -0.053960444371927596
4.574158903626732 0.009468352627682641
4.5804420889339115 -0.012350486101562752
4.586725274241091 0.0032991429403675943
4.59300845954827 -0.006416043667389126
4.599291644855449 0.018862948127451484
4.605574830162628 0.011905236632539618
4.6118580154698074 0.04584616559887977
4.618141200776987 0.00804861203195173
4.624424386084166 0.08642973095844408
4.630707571391345 0.027628345177154234
4.636990756698524 0.07533606660005993
4.643273942005703 0.03720624797422478
4.649557127312883 -0.03265265102223103
4.655840312620062 0.06294511979963513
4.662123497927241 0.059840378114383586
4.66840668323442 -0.14311939780234284
4.674689868541599 -0.027067003578872595
4.680973053848779 0.07238467516667468
4.687256239155958 0.052877307317121314
4.693539424463137 -0.0729320516463482
4.699822609770316 0.04297756866002039
4.706105795077495 0.08637161463441001
4.712388980384675 0.03033492115193842
4.718672165691854 -0.07378293920879675
4.724955350999033 -0.039151288809119
4.731238536306212 0.020114042558331824
4.737521721613391 -0.01061884280140768
4.7438049069205706 0.06412985362743967
4.75008809222775 0.03691770046219034
4.756371277534929 0.0986424164879659
4.762654462842108 0.05166236730022211
4.768937648149287 0.02842609231052806
4.7752208334564665 -0.014730080155783587
4.781504018763646 0.07141683496728451
4.787787204070825 0.001695467051639754
4.794070389378004 -0.04962796743232478
4.800353574685183 0.004341736603293733
4.8066367599923625 -0.002373761218081971
4.812919945299542 -0.047152517976055464
4.819203130606721 0.04424152877543297
4.8254863159139 -0.0038270667976927353
4.831769501221079 0.023338128855528606
4.8380526865282585 -0.03510278096889663
4.844335871835438 -0.003887375294284401
4.850619057142617 0.043485595271055666
4.856902242449796 -0.007129474400299651
4.863185427756975 -0.012592950864092511
4.8694686130641545 0.11537151482455599
4.875751798371334 0.02246677417447357
4.882034983678513 0.04384302881977459
4.888318168985692 0.045029729338092295
4.894601354292871 0.013125579335627302
4.90088453960005 0.0352376060031831
4.90716772490723 -0.03919584879743143
4.913450910214409 0.08248290140261694
4.919734095521588 0.07305703589613999
4.926017280828767 0.02087666665948429
4.932300466135946 0.012359412814809012
4.938583651443126 -0.049244589915620196
4.944866836750305 0.06491629309341401
4.951150022057484 0.0014322934158407796
4.957433207364663 0.045425047169580735
4.963716392671842 -0.05632528026594208
4.969999577979022 0.04807198693690046
4.976282763286201 0.008546627851601929
4.98256594859338 0.01873355444922531
4.988849133900559 -0.05190442409401097
4.995132319207738 0.05380637200418914
5.001415504514918 -0.009887162114552095
5.007698689822097 0.01929341149624486
5.013981875129276 0.06277677769721157
5.020265060436455 0.019226886543773414
5.026548245743634 0.12378388996407463
5.0328314310508135 -0.019488225756692623
5.039114616357993 0.03847513491030374
5.045397801665172 0.04813462058405882
5.051680986972351 -0.0224439069622816
5.05796417227953 0.03393006590374059
5.0642473575867095 0.020888983318674392
5.070530542893889 0.043015777923202436
5.076813728201068 0.05551792774271763
5.083096913508247 0.10387698536891415
5.089380098815426 0.049520448517436866
5.0956632841226055 0.06363087990381888
5.101946469429785 0.11242719492788811
5.108229654736964 -0.04054955677795136
5.114512840044143 0.02682423527361899
5.120796025351322 0.04303128033507497
5.1270792106585015 -0.03539860334135747
5.133362395965681 0.047488229822335526
5.13964558127286 -0.07284328097921056
5.145928766580039 0.08153467396197145
5.152211951887218 -0.026327798020977067
5.1584951371943975 -0.013626226692953436
5.164778322501577 0.07651459187810783
5.171061507808756 -0.031699185771662974
5.177344693115935 0.15576830165254918
5.183627878423114 0.060326876191435175
5.189911063730293 0.05107712153127397
5.196194249037473 0.11754398693692769
5.202477434344652 0.05486894482809984
5.208760619651831 0.0723734044462444
5.21504380495901 0.05405165094186398
5.221326990266189 0.03827791744724579
5.227610175573369 0.08346749791970165
5.233893360880548 0.09271605212409673
5.240176546187727 0.004381379139784314
5.246459731494906 0.025570337756703754
5.252742916802085 0.038265919278360205
5.259026102109265 0.07138187339558477
5.265309287416444 0.0917857899767533
5.271592472723623 0.18396531419971196
5.277875658030802 0.09158804481058258
5.284158843337981 0.07081052478089012
5.2904420286451606 0.04549194124837436
5.29672521395234 0.13222491147885823
5.303008399259519 0.08410692684089599
5.309291584566698 0.10354744127030513
5.315574769873877 0.08819974295539712
5.3218579551810565 0.11755281246468252
5.328141140488236 0.11576537492599265
5.334424325795415 0.11234505303708658
5.340707511102594 0.09568315712713577
5.346990696409773 0.10201749675177346
5.3532738817169525 0.11833248551418091
5.359557067024132 0.004892970984585576
5.365840252331311 0.10130116923512683
5.37212343763849 0.1539619674653353
5.378406622945669 0.08284005836462072
5.3846898082528485 0.004298644774038518
5.390972993560028 0.041517096396936626
5.397256178867207 0.11650834675018712
5.403539364174386 0.07870540020107553
5.409822549481565 0.12344974381460783
5.4161057347887445 0.11785563612164424
5.422388920095924 0.0973613373106908
5.428672105403103 0.07712441851742136
5.434955290710282 0.13471881292383026
5.441238476017461 0.13047601205962583
5.44752166132464 0.12293463878247879
5.45380484663182 0.17486416317374248
5.460088031938999 0.1434390487999403
5.466371217246178 0.10571410949063531
5.472654402553357 0.11974373740277522
5.478937587860536 0.1367489401270645
5.485220773167716 0.1481912971477295
5.491503958474895 0.21105291993313258
5.497787143782074 0.23085047145128496
5.504070329089253 0.12522774949761017
5.510353514396432 0.09994693390961062
5.516636699703612 0.12602927143553133
5.522919885010791 0.17644940894219374
5.52920307031797 0.1993657644450923
5.535486255625149 0.13961756779411144
5.541769440932328 0.11662476687021567
5.548052626239508 0.18377527022322637
5.554335811546687 0.19817371239627868
5.560618996853866 0.22107625259547903
5.566902182161045 0.13982126161782238
5.573185367468224 0.19052626111037452
5.5794685527754035 0.09488704069242299
5.585751738082583 0.1735888205040429
5.592034923389762 0.21721373044547426
5.598318108696941 0.2579009536266914
5.60460129400412 0.2012624670482222
5.6108844793112995 0.1765186026230185
5.617167664618479 0.12077214675282932
5.623450849925658 0.20496502818671125
5.629734035232837 0.22762279710590172
5.636017220540016 0.24921851715581028
5.6423004058471955 0.21320809400395369
5.648583591154375 0.15579802157738243
5.654866776461554 0.2337825659133047
5.661149961768733 0.29314873663351104
5.667433147075912 0.19809371958780286
5.6737163323830915 0.17366163382287708
5.679999517690271 0.19988168491221275
5.68628270299745 0.218299378867788
5.692565888304629 0.19538811534928402
5.698849073611808 0.2594937067099832
5.7051322589189875 0.2483393357279048
5.711415444226167 0.21272310835836072
5.717698629533346 0.23109534036791335
5.723981814840525 0.1577911153526898
5.730265000147704 0.2534753987947881
5.736548185454883 0.17040099652085855
5.742831370762063 0.22891365530471375
5.749114556069242 0.222412068938262
5.755397741376421 0.2715173492145524
5.7616809266836 0.22870034433607056
5.767964111990779 0.2512884318483217
5.774247297297959 0.3311345388272952
5.780530482605138 0.18065156096044754
5.786813667912317 0.26753597950169494
5.793096853219496 0.3078584974618501
5.799380038526675 0.23603695115619433
5.805663223833855 0.27125619290238034
5.811946409141034 0.2049383071901425
5.818229594448213 0.19536943513645266
5.824512779755392 0.31472633559073193
5.830795965062571 0.26508493666677935
5.837079150369751 0.21863773482433385
5.84336233567693 0.2634414067407724
5.849645520984109 0.3201788557718142
5.855928706291288 0.3203737953639967
5.862211891598467 0.34806217123976485
5.8684950769056465 0.27334693955684164
5.874778262212826 0.27005422592851136
5.881061447520005 0.3208572363924386
5.887344632827184 0.35721278194464934
5.893627818134363 0.2913825241547514
5.8999110034415425 0.36092995414596873
5.906194188748722 0.2992642326455006
5.912477374055901 0.4207349137664543
5.91876055936308 0.2358103654522281
5.925043744670259 0.4014745837482923
5.9313269299774385 0.2528045283280899
5.937610115284618 0.39178970789375184
5.943893300591797 0.33788025987794446
5.950176485898976 0.3138888399125692
5.956459671206155 0.2940896831500972
5.9627428565133345 0.29610063298427675
5.969026041820514 0.3795793006435443
5.975309227127693 0.3714978258826504
5.981592412434872 0.34205698259252804
5.987875597742051 0.3531527044651488
5.99415878304923 0.31392630889351425
6.00044196835641 0.35387607463087617
6.006725153663589 0.40781608782718054
6.013008338970768 0.32116940556609996
6.019291524277947 0.3956361225769741
6.025574709585126 0.3495422940005323
6.031857894892306 0.29927659310484434
6.038141080199485 0.4317843261962974
6.044424265506664 0.313053143595519
6.050707450813843 0.3615638999959864
6.056990636121022 0.4413272912989783
6.063273821428202 0.3515678396128744
6.069557006735381 0.44112411622994435
6.07584019204256 0.37464361703219223
6.082123377349739 0.39546555082930335
6.088406562656918 0.49745263981478255
6.094689747964098 0.46309887576542924
6.100972933271277 0.4137063898331175
6.107256118578456 0.3797889431338213
6.113539303885635 0.4169275911164454
6.119822489192814 0.5011619039022283
6.1261056744999935 0.530385313158974
6.132388859807173 0.3938956037377408
6.138672045114352 0.5002068618483918
6.144955230421531 0.3522134652684973
6.15123841572871 0.463628140855292
6.1575216010358895 0.45605170425497626
6.163804786343069 0.49250626604830294
6.170087971650248 0.401951366278844
6.176371156957427 0.4539952805485611
6.182654342264606 0.35673115488751206
6.1889375275717855 0.421442582425327
6.195220712878965 0.4552242225908757
6.201503898186144 0.4689303483453288
6.207787083493323 0.6019351555541816
6.214070268800502 0.4400002374602462
6.2203534541076815 0.46964729105813946
6.226636639414861 0.4141406096847202
6.23291982472204 0.38055801101023917
6.239203010029219 0.522933686186416
6.245486195336398 0.526427550463399
6.2517693806435775 0.41552259347017856
6.258052565950757 0.40294540754384434
6.264335751257936 0.4587816996559532
6.270618936565115 0.5770682694004643
6.276902121872294 0.4224513605563838
